2019-11-21
N. IAGA CODE latitude longitude    x          y            z
 1    abk       68.4    18.8     11248.6     1855.67     52124.1
 2    asp      -23.8   133.9       30126     2392.98    -43745.3
 3    bou     40.137 254.764     20525.2     3009.07     47463.6
 4    box      58.07   38.23     15152.5     3418.39     50581.9
 5    brw     71.322 203.378     8844.45        2047     56579.4
 6    cki      -12.2    96.8     34882.8    -1269.28    -32435.8
 7    clf     48.025    2.26     21260.8     362.979     43027.1
 8    cmo     64.874  212.14     12044.2     3666.84     55064.3
 9    cnb      -35.3   149.4     23137.1     5186.95    -52945.4
10    csy      -66.3   110.5    -1141.31    -8919.55    -63458.2
11    cta      -20.2   146.3     31428.9      4033.6    -37512.8
12    dlt     11.945 108.482     48659.5     12619.3     20669.1
13    ebr     40.957   0.333     25311.2     333.526       37622
14    eyr      -43.4   172.4     19239.6     8586.36    -52450.8
15    frd     38.205 282.627     21193.5     -3946.2     46008.1
16    frn     37.091 240.282     22619.8     5113.45     41930.1
17    gng      -31.4   115.7     24729.7     71.1528      -51487
18    gua     13.588 144.867     35907.4     481.789     7829.02
19    hlp       54.6    18.8     17482.8     1685.59     47388.1
20    hon     21.316     202       26862     4603.68     21175.4
21    kdu      -12.7   132.5     35459.3     1769.56    -29579.4
22    kou       5.21 307.269     26610.9    -8568.95     6665.59
23    lrm      -22.2   114.1     30375.5     117.786    -43269.9
24    lyc       64.6    18.7     12952.6     1782.48     50799.6
25    mab       50.3     5.7     20051.1     638.203     44638.2
26    maw      -67.6    62.9     6662.61    -17301.8    -45589.5
27    mbo     14.392 343.042     32379.9    -3817.45     3695.17
28    mcq      -54.5   158.9     10693.5     6842.11    -62709.3
29    mgd       60.9   150.7     16750.2    -4111.37     53696.2
30    new     48.265 242.878       17496     4629.55     51154.3
31    ngk     52.072  12.675     18867.4     1320.45     45782.4
32    nvs       54.8    83.2     15985.2     2276.81     57771.2
33    pet         53   158.2     21516.4    -2445.69     47401.6
34    sba      -77.8   166.8    -10306.1     5467.87    -65123.9
35    shu     55.348 199.538     19476.5     3548.23     48203.8
36    sit     57.058 224.674     14998.6     5022.87     52982.8
37    sjg     18.113 293.849     29742.5    -1256.58     28268.3
38    sua      44.68  26.253     22593.5     2316.45     42960.6
39    tam     22.792    5.53     33841.9     302.145     17116.9
40    tdc    -37.067 347.684     9170.72    -3539.63    -22397.3
41    tuc     32.174 249.267     23882.1     3769.26     40318.6
42    ups       59.9    17.4     15094.6     1680.15     49283.4
43    vss      -22.4  316.35     16683.5    -6625.36    -14647.7
44    wic       47.9    15.9     21010.2     1636.64     43900.5
45    wng     53.725   9.053     18183.3     992.647     46338.8
