     11248.6
     1855.67
     52124.1
       30126
     2392.98
    -43745.3
     20525.2
     3009.07
     47463.6
     15152.5
     3418.39
     50581.9
     8844.45
        2047
     56579.4
     34882.8
    -1269.28
    -32435.8
     21260.8
     362.979
     43027.1
     12044.2
     3666.84
     55064.3
     23137.1
     5186.95
    -52945.4
    -1141.31
    -8919.55
    -63458.2
     31428.9
      4033.6
    -37512.8
     48659.5
     12619.3
     20669.1
     25311.2
     333.526
       37622
     19239.6
     8586.36
    -52450.8
     21193.5
     -3946.2
     46008.1
     22619.8
     5113.45
     41930.1
     24729.7
     71.1528
      -51487
     35907.4
     481.789
     7829.02
     17482.8
     1685.59
     47388.1
       26862
     4603.68
     21175.4
     35459.3
     1769.56
    -29579.4
     26610.9
    -8568.95
     6665.59
     30375.5
     117.786
    -43269.9
     12952.6
     1782.48
     50799.6
     20051.1
     638.203
     44638.2
     6662.61
    -17301.8
    -45589.5
     32379.9
    -3817.45
     3695.17
     10693.5
     6842.11
    -62709.3
     16750.2
    -4111.37
     53696.2
       17496
     4629.55
     51154.3
     18867.4
     1320.45
     45782.4
     15985.2
     2276.81
     57771.2
     21516.4
    -2445.69
     47401.6
    -10306.1
     5467.87
    -65123.9
     19476.5
     3548.23
     48203.8
     14998.6
     5022.87
     52982.8
     29742.5
    -1256.58
     28268.3
     22593.5
     2316.45
     42960.6
     33841.9
     302.145
     17116.9
     9170.72
    -3539.63
    -22397.3
     23882.1
     3769.26
     40318.6
     15094.6
     1680.15
     49283.4
     16683.5
    -6625.36
    -14647.7
     21010.2
     1636.64
     43900.5
     18183.3
     992.647
     46338.8
